pi_actual =

    0.3096
    0.0475
    0.1183
    0.0350
    0.5374
    0.1403
    0.5233
   -0.1178
    0.1448
    0.0387


pi =

    0.3096
    0.0475
    0.1183
    0.0350
    0.5372
    0.1403
    0.5231
   -0.1178
    0.1447
    0.0387


ans =

   1.0e-03 *

   -0.0343
   -0.0156
   -0.0530
    0.0119
    0.1904
    0.0315
    0.1726
   -0.0410
    0.0837
    0.0218


ans =

     9